CPU_char(distanceTime)|test.1|test.2|test.3|test.4|test.5|Average|Variance|Standard Deviation
1K|0.000000|0.000000|0.000000|0.000000|0.000000|0.000000|0.000000|0.000000
1M|0.016000|0.017000|0.016000|0.016000|0.017000|0.016400|0.000000|0.000490
2M|0.033000|0.033000|0.033000|0.033000|0.032000|0.032800|0.000000|0.000400
4M|0.066000|0.065000|0.066000|0.066000|0.066000|0.065800|0.000000|0.000400
8M|0.134000|0.132000|0.132000|0.137000|0.134000|0.133800|0.000003|0.001833
16M|0.271000|0.268000|0.269000|0.267000|0.268000|0.268600|0.000002|0.001356
32M|0.538000|0.536000|0.534000|0.539000|0.535000|0.536400|0.000003|0.001855
64M|1.080000|1.074000|1.071000|1.082000|1.076000|1.076600|0.000016|0.003980
128M|2.155000|2.156000|2.158000|2.149000|2.156000|2.154800|0.000009|0.003059


CPU_char_thread(distanceTime)|test.1|test.2|test.3|test.4|test.5|Average|Variance|Standard Deviation
1K|0.007000|0.007000|0.007000|0.007000|0.008000|0.007200|0.000000|0.000400
1M|0.009000|0.010000|0.011000|0.009000|0.010000|0.009800|0.000001|0.000748
2M|0.010000|0.010000|0.011000|0.010000|0.011000|0.010400|0.000000|0.000490
4M|0.014000|0.013000|0.015000|0.014000|0.015000|0.014200|0.000001|0.000748
8M|0.017000|0.021000|0.018000|0.018000|0.019000|0.018600|0.000002|0.001356
16M|0.025000|0.031000|0.027000|0.027000|0.027000|0.027400|0.000004|0.001960
32M|0.042000|0.040000|0.041000|0.040000|0.039000|0.040400|0.000001|0.001020
64M|0.067000|0.075000|0.070000|0.070000|0.068000|0.070000|0.000008|0.002757
128M|0.122000|0.121000|0.120000|0.119000|0.129000|0.122200|0.000013|0.003544


GPU_bits(h2dTime)|test.1|test.2|test.3|test.4|test.5|Average|Variance|Standard Deviation
1K|0.000000|0.000000|0.000000|0.000000|0.000000|0.000000|0.000000|0.000000
1M|0.001000|0.001000|0.000000|0.001000|0.001000|0.000800|0.000000|0.000400
2M|0.001000|0.001000|0.000000|0.001000|0.000000|0.000600|0.000000|0.000490
4M|0.001000|0.001000|0.001000|0.001000|0.000000|0.000800|0.000000|0.000400
8M|0.001000|0.001000|0.001000|0.001000|0.001000|0.001000|0.000000|0.000000
16M|0.003000|0.002000|0.003000|0.003000|0.002000|0.002600|0.000000|0.000490
32M|0.005000|0.005000|0.005000|0.006000|0.005000|0.005200|0.000000|0.000400
64M|0.009000|0.029000|0.030000|0.029000|0.030000|0.025400|0.000067|0.008212
128M|0.017000|0.057000|0.058000|0.059000|0.057000|0.049600|0.000266|0.016317


GPU_char_global(h2dTime)|test.1|test.2|test.3|test.4|test.5|Average|Variance|Standard Deviation
1K|0.000000|0.000000|0.000000|0.000000|0.000000|0.000000|0.000000|0.000000
1M|0.000000|0.001000|0.001000|0.001000|0.001000|0.000800|0.000000|0.000400
2M|0.000000|0.000000|0.000000|0.000000|0.001000|0.000200|0.000000|0.000400
4M|0.000000|0.001000|0.001000|0.000000|0.001000|0.000600|0.000000|0.000490
8M|0.002000|0.002000|0.002000|0.001000|0.002000|0.001800|0.000000|0.000400
16M|0.002000|0.002000|0.002000|0.002000|0.002000|0.002000|0.000000|0.000000
32M|0.004000|0.005000|0.005000|0.005000|0.005000|0.004800|0.000000|0.000400
64M|0.008000|0.030000|0.029000|0.030000|0.029000|0.025200|0.000074|0.008612
128M|0.021000|0.058000|0.057000|0.058000|0.057000|0.050200|0.000213|0.014607


GPU_char_shared(h2dTime)|test.1|test.2|test.3|test.4|test.5|Average|Variance|Standard Deviation
1K|0.000000|0.000000|0.000000|0.000000|0.000000|0.000000|0.000000|0.000000
1M|0.000000|0.000000|0.001000|0.001000|0.000000|0.000400|0.000000|0.000490
2M|0.001000|0.000000|0.000000|0.001000|0.000000|0.000400|0.000000|0.000490
4M|0.000000|0.001000|0.001000|0.000000|0.000000|0.000400|0.000000|0.000490
8M|0.001000|0.001000|0.002000|0.001000|0.001000|0.001200|0.000000|0.000400
16M|0.003000|0.002000|0.003000|0.003000|0.002000|0.002600|0.000000|0.000490
32M|0.005000|0.005000|0.005000|0.005000|0.005000|0.005000|0.000000|0.000000
64M|0.009000|0.030000|0.029000|0.030000|0.029000|0.025400|0.000067|0.008212
128M|0.019000|0.058000|0.017000|0.017000|0.058000|0.033800|0.000391|0.019773


GPU_bits(popcounTime)|test.1|test.2|test.3|test.4|test.5|Average|Variance|Standard Deviation
1K|0.000000|0.000000|0.000000|0.000000|0.000000|0.000000|0.000000|0.000000
1M|0.000000|0.000000|0.001000|0.000000|0.000000|0.000200|0.000000|0.000400
2M|0.000000|0.000000|0.000000|0.000000|0.000000|0.000000|0.000000|0.000000
4M|0.000000|0.001000|0.000000|0.000000|0.001000|0.000400|0.000000|0.000490
8M|0.001000|0.001000|0.001000|0.001000|0.001000|0.001000|0.000000|0.000000
16M|0.001000|0.001000|0.001000|0.000000|0.001000|0.000800|0.000000|0.000400
32M|0.002000|0.005000|0.005000|0.005000|0.004000|0.004200|0.000001|0.001166
64M|0.003000|0.022000|0.022000|0.019000|0.020000|0.017200|0.000052|0.007194
128M|0.005000|0.072000|0.072000|0.082000|0.083000|0.062800|0.000857|0.029281


GPU_char_global(popcounTime)|test.1|test.2|test.3|test.4|test.5|Average|Variance|Standard Deviation
1K|0.000000|0.000000|0.000000|0.000000|0.000000|0.000000|0.000000|0.000000
1M|0.001000|0.000000|0.000000|0.000000|0.000000|0.000200|0.000000|0.000400
2M|0.000000|0.000000|0.001000|0.001000|0.000000|0.000400|0.000000|0.000490
4M|0.001000|0.001000|0.000000|0.001000|0.000000|0.000600|0.000000|0.000490
8M|0.001000|0.001000|0.001000|0.001000|0.001000|0.001000|0.000000|0.000000
16M|0.003000|0.003000|0.003000|0.002000|0.003000|0.002800|0.000000|0.000400
32M|0.004000|0.015000|0.013000|0.015000|0.013000|0.012000|0.000017|0.004099
64M|0.009000|0.066000|0.059000|0.056000|0.057000|0.049400|0.000420|0.020500
128M|0.038000|0.174000|0.133000|0.133000|0.175000|0.130600|0.002488|0.049882


GPU_char_shared(popcounTime)|test.1|test.2|test.3|test.4|test.5|Average|Variance|Standard Deviation
1K|0.000000|0.001000|0.000000|0.000000|0.000000|0.000200|0.000000|0.000400
1M|0.000000|0.000000|0.000000|0.000000|0.000000|0.000000|0.000000|0.000000
2M|0.000000|0.001000|0.000000|0.000000|0.001000|0.000400|0.000000|0.000490
4M|0.001000|0.001000|0.000000|0.001000|0.001000|0.000800|0.000000|0.000400
8M|0.001000|0.002000|0.001000|0.001000|0.001000|0.001200|0.000000|0.000400
16M|0.003000|0.003000|0.002000|0.002000|0.003000|0.002600|0.000000|0.000490
32M|0.005000|0.020000|0.016000|0.016000|0.018000|0.015000|0.000027|0.005215
64M|0.010000|0.066000|0.049000|0.048000|0.059000|0.046400|0.000375|0.019376
128M|0.024000|0.150000|0.021000|0.020000|0.118000|0.066600|0.003133|0.055970


GPU_bits(d2hTime)|test.1|test.2|test.3|test.4|test.5|Average|Variance|Standard Deviation
1K|0.000000|0.000000|0.000000|0.000000|0.001000|0.000200|0.000000|0.000400
1M|0.000000|0.000000|0.000000|0.000000|0.000000|0.000000|0.000000|0.000000
2M|0.000000|0.000000|0.001000|0.000000|0.000000|0.000200|0.000000|0.000400
4M|0.001000|0.000000|0.000000|0.001000|0.000000|0.000400|0.000000|0.000490
8M|0.001000|0.001000|0.001000|0.001000|0.000000|0.000800|0.000000|0.000400
16M|0.001000|0.002000|0.001000|0.002000|0.002000|0.001600|0.000000|0.000490
32M|0.002000|0.002000|0.002000|0.003000|0.002000|0.002200|0.000000|0.000400
64M|0.005000|0.021000|0.021000|0.022000|0.021000|0.018000|0.000042|0.006512
128M|0.010000|0.042000|0.043000|0.043000|0.042000|0.036000|0.000169|0.013008


GPU_char_global(d2hTime)|test.1|test.2|test.3|test.4|test.5|Average|Variance|Standard Deviation
1K|0.000000|0.000000|0.000000|0.000000|0.000000|0.000000|0.000000|0.000000
1M|0.000000|0.000000|0.000000|0.000000|0.000000|0.000000|0.000000|0.000000
2M|0.001000|0.001000|0.000000|0.000000|0.000000|0.000400|0.000000|0.000490
4M|0.001000|0.000000|0.001000|0.001000|0.000000|0.000600|0.000000|0.000490
8M|0.001000|0.000000|0.000000|0.001000|0.001000|0.000600|0.000000|0.000490
16M|0.001000|0.001000|0.001000|0.002000|0.001000|0.001200|0.000000|0.000400
32M|0.004000|0.003000|0.003000|0.002000|0.003000|0.003000|0.000000|0.000632
64M|0.006000|0.021000|0.022000|0.023000|0.021000|0.018600|0.000040|0.006344
128M|0.044000|0.043000|0.011000|0.044000|0.044000|0.037200|0.000172|0.013106


GPU_char_shared(d2hTime)|test.1|test.2|test.3|test.4|test.5|Average|Variance|Standard Deviation
1K|0.000000|0.000000|0.001000|0.000000|0.000000|0.000200|0.000000|0.000400
1M|0.000000|0.001000|0.000000|0.000000|0.001000|0.000400|0.000000|0.000490
2M|0.001000|0.000000|0.001000|0.000000|0.000000|0.000400|0.000000|0.000490
4M|0.001000|0.000000|0.001000|0.001000|0.000000|0.000600|0.000000|0.000490
8M|0.002000|0.001000|0.001000|0.001000|0.001000|0.001200|0.000000|0.000400
16M|0.001000|0.002000|0.002000|0.002000|0.001000|0.001600|0.000000|0.000490
32M|0.003000|0.003000|0.003000|0.003000|0.003000|0.003000|0.000000|0.000000
64M|0.006000|0.022000|0.022000|0.021000|0.021000|0.018400|0.000039|0.006216
128M|0.011000|0.044000|0.011000|0.011000|0.043000|0.024000|0.000254|0.015925


allAverage(ms)|CPU_char|CPU_char_thread|GPU_bits|GPU_char_global|GPU_char_shared
1K|0.000000|0.007200|0.000200|0.000000|0.000200
1M|0.016400|0.009800|0.000000|0.000000|0.000400
2M|0.032800|0.010400|0.000200|0.000400|0.000400
4M|0.065800|0.014200|0.000400|0.000600|0.000600
8M|0.133800|0.018600|0.000800|0.000600|0.001200
16M|0.268600|0.027400|0.001600|0.001200|0.001600
32M|0.536400|0.040400|0.002200|0.003000|0.003000
64M|1.076600|0.070000|0.018000|0.018600|0.018400
128M|2.154800|0.122200|0.036000|0.037200|0.024000
