CPU Scan(ms)|test.1|test.2|test.3|test.4|test.5|Average|Variance|Standard Deviation
--|--|--|--|--|--|--|--|--
1024|0.001000|0.001000|0.001000|0.001000|0.002000|0.001200|0.000000|0.000400
2048|0.003000|0.003000|0.003000|0.003000|0.003000|0.003000|0.000000|0.000000
4096|0.006000|0.005000|0.005000|0.005000|0.006000|0.005400|0.000000|0.000490
8192|0.012000|0.012000|0.012000|0.012000|0.012000|0.012000|0.000000|0.000000
16384|0.024000|0.024000|0.024000|0.023000|0.024000|0.023800|0.000000|0.000400
32768|0.048000|0.048000|0.048000|0.048000|0.048000|0.048000|0.000000|0.000000
65536|0.096000|0.095000|0.095000|0.096000|0.096000|0.095600|0.000000|0.000490
131072|0.192000|0.191000|0.192000|0.192000|0.191000|0.191600|0.000000|0.000490
262144|0.384000|0.384000|0.393000|0.385000|0.599000|0.429000|0.007236|0.085067
524288|0.787000|0.775000|0.768000|0.800000|0.769000|0.779800|0.000148|0.012156
1048576|1.540000|1.541000|1.541000|1.729000|1.540000|1.578200|0.005685|0.075401
2097152|3.074000|3.083000|3.084000|3.072000|3.071000|3.076800|0.000031|0.005564
4194304|6.260000|6.231000|6.377000|6.870000|6.140000|6.375600|0.066843|0.258539
8388688|13.495000|12.498000|12.362000|13.028000|12.663000|12.809199|0.167280|0.408999
16777216|24.750000|26.209000|25.017000|25.033001|25.559000|25.313601|0.269263|0.518905


GPU Scan(ms)|test.1|test.2|test.3|test.4|test.5|Average|Variance|Standard Deviation
--|--|--|--|--|--|--|--|--
1024|0.026336|0.046080|0.038688|0.035840|0.039520|0.037293|0.000041|0.006423
2048|0.079872|0.061696|0.049152|0.048256|0.047200|0.057235|0.000156|0.012482
4096|0.058368|0.061440|0.049504|0.047328|0.048032|0.052934|0.000034|0.005816
8192|0.060416|0.041984|0.066816|0.058368|0.045312|0.054579|0.000089|0.009409
16384|0.054272|0.067584|0.058368|0.056320|0.048128|0.056934|0.000040|0.006332
32768|0.140928|0.071872|0.069376|0.127072|0.068736|0.095597|0.001004|0.031678
65536|0.144384|0.138176|0.134080|0.137600|0.136608|0.138170|0.000012|0.003409
131072|0.160192|0.152832|0.225728|0.159584|0.157024|0.171072|0.000754|0.027451
262144|0.493952|0.474496|0.357216|0.381216|0.344416|0.410259|0.003825|0.061844
524288|0.542208|0.516352|0.436000|0.434624|0.441184|0.474074|0.002103|0.045864
1048576|0.779008|0.793856|1.093664|0.617920|0.630304|0.782950|0.029443|0.171589
2097152|1.120064|0.997216|0.944352|0.947936|1.048608|1.011635|0.004383|0.066206
4194304|1.879072|1.635232|1.507776|1.623488|1.641984|1.657510|0.014681|0.121165
8388688|3.250976|3.159616|3.156288|3.790304|3.440192|3.359475|0.057026|0.238801
16777216|5.921536|5.544192|5.192736|5.481280|5.256640|5.479277|0.066297|0.257482


GPU_bcao Scan(ms)|test.1|test.2|test.3|test.4|test.5|Average|Variance|Standard Deviation
--|--|--|--|--|--|--|--|--
1024|0.051200|0.024576|0.031744|0.023712|0.029696|0.032186|0.000100|0.009976
2048|0.067744|0.049792|0.040544|0.064128|0.063040|0.057050|0.000105|0.010252
4096|0.044448|0.049152|0.056352|0.039936|0.040096|0.045997|0.000038|0.006183
8192|0.045152|0.049184|0.050048|0.041184|0.054368|0.047987|0.000020|0.004488
16384|0.047104|0.049504|0.059456|0.042048|0.054656|0.050554|0.000036|0.006024
32768|0.076800|0.191904|0.063904|0.058080|0.067808|0.091699|0.002547|0.050471
65536|0.080192|0.077920|0.090336|0.078432|0.076256|0.080627|0.000025|0.005014
131072|0.107936|0.107456|0.089696|0.246880|0.101376|0.130669|0.003419|0.058476
262144|0.293216|0.435936|0.282528|0.285984|0.278560|0.315245|0.003665|0.060538
524288|1.592256|0.370656|0.786272|0.414144|0.529376|0.738541|0.203086|0.450651
1048576|1.076064|0.650272|0.698496|0.887328|0.577088|0.777850|0.032759|0.180995
2097152|1.564448|1.006816|1.061600|1.021888|0.947424|1.120435|0.050633|0.225017
4194304|1.847840|1.638144|1.622144|1.713632|1.707776|1.705907|0.006363|0.079770
8388688|3.383520|3.315968|2.852960|2.889280|2.956896|3.079725|0.050176|0.224000
16777216|5.479584|5.522976|5.322432|5.317024|5.854496|5.499302|0.038324|0.195765


thrust Scan(ms) (built-in)|test.1|test.2|test.3|test.4|test.5|Average|Variance|Standard Deviation
--|--|--|--|--|--|--|--|--
1024|0.459904|0.458752|0.420864|0.419840|0.420864|0.436045|0.000362|0.019018
2048|0.501760|0.447488|0.467968|0.453728|0.458048|0.465798|0.000368|0.019178
4096|0.500736|0.465920|0.670720|0.445440|0.443392|0.505242|0.007270|0.085266
8192|0.773184|0.643072|0.440576|0.440768|0.438656|0.547251|0.018948|0.137651
16384|0.494752|0.457984|0.633856|0.438432|0.699392|0.544883|0.010637|0.103136
32768|0.517920|0.468800|0.463008|0.483328|0.463104|0.479232|0.000429|0.020716
65536|0.533056|0.996704|0.476864|0.482720|0.479776|0.593824|0.041007|0.202502
131072|1.401024|0.901920|1.000992|0.888256|1.249248|1.088288|0.041216|0.203016
262144|2.505920|1.967296|1.989856|2.053600|2.069536|2.117242|0.039222|0.198044
524288|4.524864|3.790880|3.560096|3.720640|3.407072|3.800710|0.148751|0.385682
1048576|7.403360|6.625024|6.310208|6.651840|6.317376|6.661561|0.158721|0.398399
2097152|14.373056|11.765856|11.818688|11.799008|11.779264|12.307175|1.067287|1.033096
4194304|28.227392|23.896736|23.640287|23.044607|22.947617|24.351330|3.882806|1.970484
8388688|52.359776|48.421185|46.068192|45.917408|45.381474|47.629604|6.684967|2.585530
16777216|99.602112|90.324738|90.246017|90.650017|90.490303|92.262634|13.486362|3.672378


cub Scan(ms) (built-in)|test.1|test.2|test.3|test.4|test.5|Average|Variance|Standard Deviation
--|--|--|--|--|--|--|--|--
1024|0.141312|0.126976|0.126976|0.126112|0.126976|0.129670|0.000034|0.005830
2048|0.191488|0.169984|0.169984|0.169984|0.169984|0.174285|0.000074|0.008602
4096|0.190464|0.168960|0.167936|0.169152|0.169024|0.173107|0.000076|0.008689
8192|0.189536|0.168960|0.168160|0.167936|0.168960|0.172710|0.000071|0.008423
16384|0.189440|0.167936|0.167936|0.167936|0.167936|0.172237|0.000074|0.008602
32768|0.212512|0.248576|0.191520|0.199296|0.190112|0.208403|0.000467|0.021602
65536|0.238240|0.215584|0.214592|0.217504|0.231360|0.223456|0.000091|0.009560
131072|0.435136|0.388288|0.384736|0.379776|0.383840|0.394355|0.000423|0.020570
262144|0.731072|1.144288|0.706784|0.646592|0.645696|0.774886|0.035233|0.187704
524288|1.430560|1.265184|1.209984|1.637952|1.264544|1.361645|0.024566|0.156735
1048576|2.997056|2.845696|2.488288|2.285792|2.280480|2.579463|0.085842|0.292988
2097152|5.145056|4.575040|4.337152|4.320992|4.321120|4.539872|0.100868|0.317597
4194304|10.189504|8.421696|8.417664|8.414080|8.630176|8.814623|0.479344|0.692347
8388688|18.679232|17.865055|17.096607|16.610752|16.623775|17.375086|0.633418|0.795876
16777216|36.965183|32.998562|33.546047|32.994530|33.006721|33.902210|2.390204|1.546028


allVersion Average(ms)--
1024|0.001200|0.037293|0.032186|0.436045|0.129670
2048|0.003000|0.057235|0.057050|0.465798|0.174285
4096|0.005400|0.052934|0.045997|0.505242|0.173107
8192|0.012000|0.054579|0.047987|0.547251|0.172710
16384|0.023800|0.056934|0.050554|0.544883|0.172237
32768|0.048000|0.095597|0.091699|0.479232|0.208403
65536|0.095600|0.138170|0.080627|0.593824|0.223456
131072|0.191600|0.171072|0.130669|1.088288|0.394355
262144|0.429000|0.410259|0.315245|2.117242|0.774886
524288|0.779800|0.474074|0.738541|3.800710|1.361645
1048576|1.578200|0.782950|0.777850|6.661561|2.579463
2097152|3.076800|1.011635|1.120435|12.307175|4.539872
4194304|6.375600|1.657510|1.705907|24.351330|8.814623
8388688|12.809199|3.359475|3.079725|47.629604|17.375086
16777216|25.313601|5.479277|5.499302|92.262634|33.902210
